17.849382 102.612755 168.093948
17.846476 102.612061 167.282120
17.843573 102.611382 167.081192
17.840668 102.610695 166.950653
17.837763 102.610016 159.955414
17.834858 102.609329 160.227448
17.831951 102.608650 160.342316
17.829048 102.607964 160.564896
17.826143 102.607277 159.924911
17.823238 102.606590 168.620163
17.820333 102.605911 169.017227
17.817430 102.605225 168.144272
17.814526 102.604546 167.386948
17.811623 102.603859 167.141830
17.808718 102.603172 167.979584
17.805815 102.602486 168.547516
17.802910 102.601807 171.159729
17.800007 102.601120 172.544617
17.797102 102.600441 175.150833
17.794197 102.599754 176.194763
17.791294 102.599075 175.599579
17.788389 102.598381 173.982101
17.785486 102.597702 172.839005
17.782581 102.597015 171.792847
17.779678 102.596336 175.440552
